60,0025279256574
58,3784847492328
53,7652713552189
34,8735384607058
36,8588244833833
26,6416608140193
31,6270930749413
25,8109953447839
30,3437402634835
25,1271933773693
29,6748928289636
24,4538338997978
29,9512511292374
24,2520965204451
32,1546711345994
25,2874295173964
35,5415848542625
26,1463870027838
37,3304919685678
25,9700932911346
37,6972376083659
25,8908455003451
38,0871315443192
25,7549660980708
38,3827111741721
25,6400891202446
38,6863581967451
25,5274252057608
38,996889613922
25,4412094287716
39,348432096451
25,381046079347
39,7449447309127
25,3642365232646
40,1993364150126
25,3962748076518
40,7051795149472
25,4887630562986
41,2525546489842
25,6365777844752
41,8125374291493
25,8363179538761
42,3589662173702
26,0720468288677
42,864234965058
26,3427757218288
43,3205491506942
26,63460286211
43,7198244480019
26,9597009374108
44,0743704775969
27,2959211911472
44,3791629228763
27,6771664056944
44,659656889393
28,0471006927665
44,8945276412652
28,4976460609349
45,1342798534084
28,8755065374093
45,3129467040843
29,4287167872659
45,5459204507045
29,7596996252604
45,6646150500086
30,4761847725091
45,9274970325105
30,6840052153801
45,9717977382601
31,6083927803931
46,2885143628646
31,6834231611996
46,2693236695507
32,7119532013976
46,6061598719568
32,8310361588342
46,5999527417243
33,6793403340697
46,8615271106653
34,0146003948215
46,9363238377572
34,5398450602544
47,0834834562566
34,896182194056
47,17407767704
35,1210825685406
47,2216335453559
35,1025241669467
47,1809460260366
34,6833541081821
46,9802331901296
33,6110106958278
46,4904248281671
31,5096980910723
45,4889185780342
27,9309202480547
43,6257633532238
22,6430079341108
40,4522338570901
16,2585818936573
35,6478413926757
10,5812144439505
29,5861863561906
7,21498132733942
23,5010877535897
6,14496428361977
18,5422588801147
6,38566387470826
15,0436292101367
7,06357363732792
12,755871583942
7,72440128430823
11,3017265177746
8,21246781970858
10,3784727404237
8,51619565819692
9,78380328580588
8,67457246563506
9,39098212871612
8,73375734549876
9,12227902474787
8,73154707187599
8,93033278824711
8,69451248196494
8,78638610030864
8,6397268133011
8,67303592720453
8,57746749726007
8,57977292689114
8,51357385800936
8,50023933355046
8,45115717582843
8,43055435970834
8,39172843346827
8,36830332131077
8,33589870948551
8,31193585607139
8,28379567522295
8,26041253876003
8,23530262616355
8,2129996929058
8,19019119891444
8,16915108597184
8,14819247340269
8,12843977026186
8,10903336980622
8,09051850349831
8,0724540239794
8,05509632264175
8,03821504113894
8,02192422421643
8,00609955844909
7,9907860055774
7,97591278492536
7,96149207700319
7,94748042651702
7,93387503305352
7,92064671628603
7,90778631048506
7,89527240181856
7,88309355423401
7,87123284975403
7,85967847301732
7,84841632952979
7,83743505340161
7,82672249056849
7,81626804936641
7,80606102510711
7,79609169160623
7,78635049990097
7,77682857677788
7,76751733744976
7,75840870675735
7,74949492775877
7,74076865443803
7,73222285325146
7,72385083712112
7,71564621144724
7,70760288188957
7,69971502202677
7,69197706993907
7,68438370675768
7,67692984889868
7,66961063239721
7,66242140385602
7,65535770810613
7,64841527919017
7,64159003013134
7,63487804447888
7,62827556755172
7,62177899871977
7,61538488376707
7,60908990792915
7,60289088915924
7,59678477187801
7,59076862099602
7,58483961631287
7,57899504718693
7,57323230751518
7,56754889096625
7,56194238647539
7,55641047397091
7,55095092032601
7,5455615755186
7,54024036898849
7,53498530617927
7,52979446525532
7,5246659939813
7,51959810675883
7,51458908180543
7,50963725847468
7,50474103470238
7,49989886457782
7,49510925602851
7,49037076861516
7,48568201142888
7,48104164108628
7,47644835981588
7,47190091363259
7,46739809059341
7,46293871913176
7,45852166646564
7,45414583707517
7,449810171247
7,44551364368086
7,44125526215635
7,4370340662553
7,43284912613877
7,42869954137384
7,42458443980945
7,42050297649756
7,41645433265828
7,41243771468631
7,40845235319625
7,40449750210618
7,40057243775632
7,39667645806141
7,39280888169614
7,38896904731024
7,38515631277391
7,38137005445024
7,37760966649496
7,37387456018123
7,37016416324826
7,36647791927397
7,36281528706888
7,35917574009128
7,355558765883
7,35196386552358
7,34839055310372
7,344838355216
7,34130681046211
7,33779546897707
7,33430389196813
7,33083165126917
7,32737832890885
7,32394351669299
7,32052681579939
7,31712783638626
7,31374619721171
7,31038152526603
7,30703345541422
7,30370163005046
7,30038569876201
7,29708531800405
7,29380015078384
7,29052986635464
7,28727413991835
7,28403265233763
7,28080508985594
7,27759114382636
7,27439051044851
7,27120289051278
7,2680279891531
7,26486551560618
7,26171518297855
7,25857670802089
7,25544981090811
7,25233421502789
7,24922964677396
7,24613583534704
7,24305251256175
7,23997941265903
7,23691627212585
7,23386282951914
7,23081882529725
7,22778400165564
7,22475810236899
7,22174087263834
7,2187320589438
7,21573140890243
7,21273867113127
7,20975359511554
7,20677593108172
7,20380542987573
7,20084184284557
7,1978849217291
7,19493441854643
7,19199008549631
7,18905167485813
7,18611893889717
7,18319162977489
7,1802694994634
7,17735229966396
7,17443978172945
7,17153169659145
7,16862779469039
7,16572782591043
7,1628315395175
7,1599386841013
7,15704900752078
7,15416225685335
7,15127817834746
7,148396517378
7,14551701840611
7,14263942494096
7,13976347950532
7,136888923604
7,13401549769496
7,13114294116369
7,12827099229967
7,12539938827606
7,12252786513163
7,11965615775526
7,11678399987234
7,11391112403447
7,11103726160984
7,10816214277733
7,10528549652114
7,10240705062801
7,09952653168669
7,09664366508772
7,0937581750265
7,09086978450656
7,08797821534528
7,08508318817981
7,08218442247602
7,07928163653641
7,0763745475115
7,07346287141019
7,0705463231127
7,06762461638334
7,06469746388482
7,06176457719278
7,05882566681151
7,05588044219013
7,05292861173907
7,04996988284775
7,04700396190211
7,04403055430302
7,04104936448479
7,03806009593422
7,03506245121029
7,03205613196302
7,02904083895431
7,02601627207735
7,02298213037746
7,01993811207241
7,01688391457331
7,01381923450557
7,01074376772986
7,00765720936369
7,00455925380254
7,00144959474177
6,99832792519823
6,9951939375326
6,99204732347103
6,98888777412831
6,98571498003002
6,98252863113569
6,97932841686224
6,97611402610731
6,97288514727342
6,9696414682924
6,96638267665001
6,96310845941147
6,95981850324724
6,95651249445952
6,95319011900909
6,9498510625436
6,94649501042517
6,94312164776088
6,93973065943178
6,93632173012463
6,93289454436392
6,92944878654462
6,92598414096676
6,92250029187058
6,91899692347322
6,91547372000692
6,91193036575769
6,90836654510699
6,90478194257322
6,90117624285625
6,89754913088258
6,89390029185295
6,89022941129133
6,88653617509599
6,88282026959247
6,87908138158883
6,87531919843225
6,87153340806898
6,86772369910538
6,86388976087203
6,86003128348981
6,85614795793862
6,85223947612868
6,84830553097385
6,84434581646855
6,84036002776609
6,83634786126103
6,83230901467341
6,82824318713594
6,82415007928457
6,8200293933512
6,81588083326012
6,81170410472658
6,80749891535937
6,80326497476497
6,79900199465676
6,79470968896488
6,79038777395143
6,78603596832674
6,78165399337023
6,77724157305326
6,7727984341655
6,76832430644382
6,76381892270481
6,75928201897913
6,75471333464973
6,75011261259225
6,7454795993178
6,74081404511932
6,73611570421908
6,73138433491998
6,72661969975766
6,72182156565619
6,71698970408444
6,7121238912152
6,70722390808534
6,70228954075805
6,69732058048574
6,69231682387432
6,68727807304863
6,68220413581776
6,67709482584151
6,67194996279632
6,66676937254165
6,66155288728527
6,65630034574811
6,65101159332815
6,64568648226251
6,64032487178805
6,63492662829957
6,62949162550596
6,62401974458255
6,6185108743211
6,61296491127552
6,60738175990317
6,60176133270229
6,59610355034337
6,59040834179609
6,58467564444878
6,57890540422302
6,57309757567955
6,56725212211835
6,56136901566889
6,55544823737335
6,54948977726019
6,54349363440755
6,53745981699803
6,53138834236103
6,52527923700558
6,51913253664056
6,51294828618288
6,50672653975372
6,5004673606604
6,49417082136618
6,48783700344452
6,48146599751982
6,475057903193
6,46861282895142
6,46213089206371
6,45561221845767
6,44905694258269
6,44246520725477
6,43583716348463
6,42917297028913
6,42247279448437
6,41573681046174
6,40896519994616
6,40215815173621
6,3953158614262
6,38843853111079
6,38152636907083
6,37457958944234
6,36759841186608
6,36058306112149
6,35353376674078
6,34645076260781
6,33933428653818
6,33218457984406
6,32500188688108
6,31778645458043
6,31053853196442
6,30325836964738
6,29594621932126
6,28860233322759
6,28122696361518
6,27382036218502
6,26638277952246
6,25891446451738
6,25141566377318
6,24388662100503
6,2363275764278
6,22873876613513
6,22112042146932
6,21347276838349
6,20579602679617
6,19809040993947
6,19035612370103
6,18259336596066
6,17480232592264
6,16698318344328
6,15913610835601
6,15126125979274
6,14335878550382
6,13542882117591
6,1274714897489
6,11948690073235
6,11147514952199
6,10343631671632
6,09537046743464
6,08727765063581
6,07915789843934
6,07101122544811
6,06283762807371
6,0546370838647
6,04640955083753
6,03815496681101
6,02987324874452
6,02156429207942
6,01322797008476
6,00486413320733
5,99647260842511
5,98805319860606
5,97960568187057
5,9711298109589
5,96262531260299
5,9540918869029
5,94552920670799
5,93693691700279
5,92831463429734
5,91966194602248
5,91097840992969
5,90226355349532
5,89351687333004
5,88473783459201
5,87592587040567
5,86708038128397
5,85820073455594
5,84928626379829
5,84033626827162
5,8313500123613
5,82232672502221
5,81326559922894
5,80416579142944
5,79502642100458
5,78584656973074
5,77662528124939
5,76736156053911
5,75805437339561
5,74870264591427
5,7393052639811
5,72986107276748
5,720368876233
5,71082743663419
5,70123547404108
5,69159166586192
5,68189464637624
5,67214300627801
5,66233529222871
5,65247000642239
5,64254560616282
5,63256050345503
5,62251306461174
5,61240160987701
5,602224413068
5,59197970123808
5,58166565436168
5,5712804050448
5,56082203826269
5,550288591128
5,53967805269218
5,52898836378353
5,51821741688576
5,50736305606003
5,49642307691643
5,48539522663688
5,47427720405772
5,46306665981345
5,45176119655097
5,44035836921744
5,42885568543053
5,41725060593634
5,40554054516354
5,39372287188143
5,3817949099695
5,36975393930916
5,35759719680484
5,34532187754696
5,3329251361247
5,32040408810227
5,30775581166773
5,29497734946888
5,28206571064715
5,26901787308377
5,25583078587147
5,24250137202593
5,22902653145222
5,21540314417996
5,20162807388441
5,18769817170721
5,17361028039442
5,15936123876632
5,14494788653592
5,1303670694919
5,11561564506107
5,10069048826624
5,08558849809369
5,07030660428438
5,05484177456132
5,03919102230582
5,02335141469132
5,00732008128468
4,99109422312044
4,97467112225268
4,9580481517852
4,94122278637918
4,92419261323211
4,90695534352019
4,88950882429011
4,87185105078252
4,853980179165
4,8358945396454
4,81759264993169
4,79907322899838
4,7803352111121
4,76137776006279
4,74220028353962
4,72280244758414
4,70318419104305
4,68334573994106
4,66328762167909
4,64301067896393
4,62251608336202
4,60180534836766
4,58088034186759
4,5597432978806
4,5383968274435
4,51684392851673
4,49508799477297
4,47313282314139
4,4509826199704
4,42864200568437
4,40611601780547
4,3834101122255
4,36053016261519
4,33748245787284
4,31427369752422
4,29091098500241
4,2674018187501
4,24375408110869
4,21997602497531
4,19607625823367
4,17206372598436
4,14794769062699
4,12373770986825
4,09944361275643
4,07507547386495
4,05064358577352
4,02615843001433
4,0016306466753
3,97707100286665
3,95249036027742
3,927899642058
3,90330979927844
3,87873177721577
3,85417648173045
3,8296547459883
3,80517729778334
3,78075472770676
3,75639745839946
3,73211571510737
3,70791949774618
3,68381855465839
3,65982235822677
3,63594008248266
3,61218058282429
3,58855237793302
3,56506363395135
3,54172215095828
3,51853535175584
3,4955102729514
3,4726535583042
3,44997145427516
3,42746980770924
3,40515406555203
3,38302927649825
3,36110009444749
3,3393707836401
3,31784522533349
3,29652692587649
3,27541902603494
3,25452431142082
3,2338452238788
3,21338387368478
3,19314205241793
3,17312124636934
3,1533226503607
3,13374718185062
3,11439549521624
3,09526799610529
3,07636485576321
3,05768602524811
3,0392312494569
3,021000080893
3,00299189311619
2,98520589382333
2,9676411375158
2,95029653771848
2,93317087872109
2,9162628268201
2,89957094104444
2,88309368335577
2,86682942831587
2,85077647222237
2,83493304171253
2,81929730184546
2,80386736366702
2,78864129127463
2,77361710839041
2,75879280446326
2,74416634031287
2,72973565333697
2,71549866229823
2,70145327171219
2,68759737585499
2,67392886241117
2,66044561578154
2,64714552007079
2,6340264617743
2,62108633218317
2,60832302952621
2,59573446086684
2,58331854377167
2,5710732077692
2,55899639561235
2,54708606436248
2,53534018630802
2,52375674973243
2,51233375954446
2,50106923778333
2,48996122401115
2,47900777560247
2,46820696794342
2,45755689454844
2,44705566710546
2,43670141545681
2,4264922875254
2,41642644919228
2,40650208413396
2,39671739362487
2,38707059631184
2,37755992796564
2,36818364121476
2,35894000526678
2,34982730561996
2,3408438437715
2,33198793692295
2,32325791768883
2,31465213380881
2,30616894786816
2,29780673702632
2,289563892758
2,28143882060595
2,27342993994902
2,26553568378453
2,25775449852778
2,25008484382761
2,24252519239984
2,23507402987795
2,22772985468143
2,22049117790182
2,21335652320598
2,20632442675632
2,1993934371475
2,19256211535915
2,18582903472352
2,17919278090773
2,17265195190954
2,16620515806565
2,15985102207189
2,15358817901387
2,14741527640743
2,14133097424754
2,13533394506514
2,12942287398977
2,12359645881858
2,11785341008871
2,11219245115412
2,10661231826386
2,10111176064262
2,09568954057124
2,0903444334672
2,08507522796381
2,07988072598753
2,0747597428326
2,06971110723226
2,06473366142612
2,05982626122277
2,05498777605755
2,05021708904463
2,04551309702318
2,04087471059731
2,0363008541692
2,03179046596573
2,02734249805756
2,02295591637147
2,0186297006949
2,01436284467343
2,01015435580051
2,00600325540007
2,0019085786012
1,99786937430613
1,99388470515034
1,98995364745596
1,98607529117802
1,98224873984394
1,97847311048637
1,97474753356971
1,97107115291043
1,96744312559134
1,96386262187041
1,96032882508396
1,95684093154471
1,95339815043515
1,94999970369594
1,94664482591032
1,9433327641842
1,94006277802268
1,93683413920279
1,93364613164338
1,93049805127153
1,92738920588679
1,92431891502256
1,92128650980549
1,91829133281284
1,91533273792818
1,91241009019551
1,9095227656723
1,90667015128124
1,90385164466129
1,90106665401819
1,89831459797409
1,89559490541751
1,89290701535261
1,89025037674886
1,88762444839076
1,88502869872793
1,88246260572572
1,87992565671629
1,87741734825067
1,8749371859512
1,87248468436546
1,87005936682074
1,86766076527995
1,8652884201984
1,86294188038237
1,86062070284826
1,85832445268394
1,8560527029109
1,85380503434829
1,85158103547836
1,84938030231349
1,84720243826482
1,8450470540126
1,8429137673782
1,84080220319765
1,83871199319724
1,83664277587043
1,83459419635686
1,8325659063229
1,83055756384395
1,82856883328874
1,82659938520498
1,82464889620717
1,82271704886588
1,82080353159894
1,81890803856424
1,81703026955441
1,81516992989301
1,81332673033274
1,8115003869549
1,80969062107105
1,80789715912579
1,8061197326017
1,80435807792552
1,80261193637615
1,80088105399414
1,79916518149288
1,79746407417117
1,79577749182751
1,79410519867575
1,79244696326236
1,79080255838506
1,78917176101302
1,78755435220844
1,78595011704951
1,78435884455479
1,78278032760902
1,78121436289019
1,779660750798
1,77811929538355
1,77658980428052
1,77507208863729
1,77356596305063
1,77207124550047
1,7705877572858
1,76911532296194
1,76765377027885
1,76620293012063
1,76476263644614
1,76333272623072
1,76191303940904
1,760503418819
1,75910371014658
1,75771376187208
1,75633342521676
1,75496255409118
1,75360100504398
1,75224863721192
1,75090531227075
1,74957089438708
1,74824525017103
1,74692824863005
1,74561976112322
1,74431966131685
1,74302782514061
1,74174413074466
1,7404684584575
1,73920069074475
1,73794071216857
1,73668840934803
1,73544367092004
1,73420638750124
1,73297645165039
1,73175375783179
1,73053820237908
1,72932968345991
1,72812810104135
1,72693335685578
1,72574535436761
1,72456399874052
1,72338919680547
1,72222085702914
1,72105888948321
1,71990320581395
1,71875371921278
1,71761034438693
1,71647299753117
1,71534159629962
1,7142160597785
1,71309630845907
1,71198226421147
1,71087385025858
1,70977099115099
1,70867361274178
1,70758164216248
1,7064950077989
1,70541363926781
1,70433746739396
1,70326642418744
1,70220044282171
1,7011394576118
1,70008340399313
1,69903221850066
1,69798583874847
1,6969442034096
1,69590725219661
1,69487492584215
1,6938471660801
1,69282391562708
1,69180511816424
1,69079071831951
1,68978066165001
1,68877489462507
1,68777336460931
1,68677601984621
1,68578280944197
1,68479368334966
1,68380859235366
1,68282748805443
1,68185032285365
1,6808770499394
1,67990762327197
1,67894199756965
1,67798012829497
1,6770219716411
1,67606748451861
1,67511662454238
1,67416935001886
1,6732256199335
1,67228539393844
1,67134863234051
1,67041529608932
1,6694853467657
1,66855874657029
1,66763545831244
1,66671544539916
1,66579867182443
1,66488510215873
1,66397470153852
1,66306743565634
1,66216327075063
1,66126217359618
1,6603641114944
1,65946905226402
1,65857696423186
1,65768781622375
1,65680157755575
1,65591821802538
1,6550377079031
1,65416001792398
1,65328511927945
1,6524129836092
1,65154358299341
1,65067688994481
1,64981287740122
1,64895151871799
1,64809278766075
1,64723665839807
1,64638310549464
1,64553210390407
1,64468362896233
1,64383765638094
1,64299416224046
1,64215312298412
1,64131451541141
1,640478316672
1,63964450425962
1,63881305600611
1,63798395007552
1,6371571649585
1,63633267946651
1,63551047272643
1,63469052417501
1,63387281355363
1,63305732090305
1,63224402655826
1,63143291114342
1,63062395556698
1,62981714101679
1,62901244895527
1,62820986111489
1,62740935949336
1,62661092634935
1,62581454419786
1,62502019580599
1,62422786418867
1,62343753260439
1,62264918455117
1,62186280376249
1,6210783742033
1,62029588006614
1,61951530576737
1,61873663594327
1,61795985544656
1,61718494934257
1,61641190290584
1,61564070161652
1,61487133115702
1,61410377740861
1,61333802644808
1,61257406454454
1,61181187815622
1,61105145392731
1,61029277868493
1,60953583943603
1,60878062336451
1,60802711782825
1,60727531035624
1,60652518864582
1,60577674055983
1,60502995412402
1,60428481752424
1,6035413191039
1,60279944736143
1,60205919094765
1,6013205386634
1,60058347945699
1,59984800242192
1,59911409679439
1,5983817519511
1,59765095740695
1,59692170281278
1,59619397795315
1,59546777274428
1,59474307723183
1,59401988158889
1,5932981761139
1,59257795122865
1,59185919747627
1,59114190551936
1,59042606613805
1,58971167022808
1,58899870879903
1,58828717297249
1,58757705398023
1,58686834316254
1,58616103196642
1,58545511194398
1,58475057475071
1,58404741214389
1,58334561598097
1,58264517821801
1,58194609090809
1,58124834619988
1,58055193633601
1,57985685365175
1,5791630905734
1,57847063961706
1,57777949338703
1,5770896445746
1,57640108595664
1,57571381039423
1,57502781083146
1,57434308029401
1,57365961188803
1,5729773987988
1,57229643428957
1,57161671170032
1,57093822444663
1,57026096601845
1,56958492997907
1,56891010996389
1,56823649967937
1,56756409290197
1,56689288347706
1,56622286531781
1,56555403240436
1,56488637878252
1,56421989856307
1,56355458592053
1,56289043509239
1,56222744037804
1,56156559613791
1,56090489679251
1,56024533682157
1,55958691076313
1,55892961321265
1,55827343882224
1,5576183822997
1,55696443840777
1,55631160196331
1,55565986783647
1,55500923094995
1,55435968627813
1,55371122884645
1,55306385373052
1,55241755605549
1,55177233099526
1,55112817377178
1,55048507965437
1,54984304395903
1,54920206204771
1,5485621293277
1,54792324125097
1,54728539331348
1,54664858105455
1,54601280005633
1,54537804594303
1,54474431438043
1,54411160107524
1,54347990177454
1,54284921226517
1,54221952837316
1,54159084596322
1,54096316093815
1,54033646923832
1,5397107668411
1,5390860497604
1,5384623140461
1,53783955578357
1,53721777109317
1,53659695612973
1,53597710708215
1,53535822017281
1,53474029165718
1,53412331782336
1,53350729499158
1,53289221951378
1,53227808777322
1,53166489618395
1,53105264119046
1,53044131926723
1,52983092691837
1,5292214606771
1,52861291710551
1,52800529279401
1,52739858436106
1,52679278845274
1,5261879017424
1,52558392093023
1,52498084274299
1,52437866393359
1,52377738128075
1,52317699158867
1,52257749168668
1,52197887842891
1,52138114869396
1,52078429938455
1,52018832742724
1,5195932297721
1,5189990033924
1,51840564528428
1,51781315246654
1,51722152198018
1,51663075088832
1,51604083627569
1,51545177524856
1,51486356493427
1,51427620248117
1,5136896850581
1,51310400985434
1,51251917407924
1,51193517496199
1,51135200975137
1,51076967571549
1,51018817014156
1,50960749033563
1,50902763362238
1,50844859734485
1,50787037886423
1,50729297555966
1,50671638482794
1,50614060408337
1,50556563075751
1,50499146229895
1,50441809617316
1,50384552986219
1,50327376086454
1,50270278669495
1,50213260488415
1,50156321297877
1,500994608541
1,50042678914854
1,49985975239434
1,49929349588643
1,49872801724775
1,49816331411597
1,49759938414329
1,4970362249963
1,4964738343558
1,49591220991664
1,49535134938752
1,49479125049088
1,49423191096269
1,49367332855233
1,49311550102242
1,49255842614865
1,49200210171969
1,49144652553694
1,49089169541449
1,4903376091789
1,4897842646691
1,48923165973622
1,4886797922435
1,48812866006609
1,48757826109097
1,48702859321678
1,48647965435371
1,48593144242341
1,48538395535876
1,48483719110386
1,48429114761381
1,48374582285469
1,48320121480335
1,48265732144734
1,48211414078478
1,48157167082428
1,48102990958475
1,48048885509539
1,47994850539549
1,47940885853438
1,47886991257133
1,47833166557538
1,4777941156253
1,47725726080947
1,4767210992258
1,47618562898157
1,47565084819341
1,47511675498716
1,47458334749776
1,47405062386922
1,47351858225447
1,47298722081531
1,47245653772227
1,47192653115456
1,47139719930004
1,47086854035498
1,47034055252413
1,46981323402056
1,4692865830656
1,46876059788876
1,46823527672761
1,4677106178278
1,46718661944286
1,46666327983422
1,4661405972711
1,46561857003041
1,46509719639675
1,46457647466224
1,46405640312653
1,46353698009672
1,46301820388722
1,46250007281978
1,46198258522338
1,46146573943411
1,46094953379523
1,46043396665697
1,45991903637658
1,4594047413182
1,45889107985279
1,45837805035814
1,45786565121874
1,45735388082573
1,45684273757692
1,45633221987661
1,45582232613565
1,45531305477123
1,45480440420708
1,45429637287312
1,45378895920561
1,45328216164703
1,45277597864602
1,45227040865737
1,45176545014188
1,45126110156644
1,45075736140386
1,45025422813291
1,44975170023818
1,44924977621016
1,44874845454504
1,44824773374482
1,44774761231714
1,4472480887753
1,44674916163818
1,44625082943026
1,44575309068147
1,44525594392728
1,44475938770853
1,44426342057147
1,44376804106772
1,44327324775415
1,44277903919294
1,44228541395148
1,44179237060235
1,44129990772329
1,44080802389712
1,44031671771178
1,43982598776021
1,43933583264038
1,4388462509552
1,43835724131251
1,43786880232507
1,4373809326105
1,4368936307912
1,43640689549444
1,43592072535217
1,43543511900113
1,43495007508271
1,434465592243
1,43398166913269
1,43349830440709
1,43301549672609
1,43253324475408
1,43205154716001
1,43157040261726
1,43108980980369
1,43060976740159
1,43013027409761
1,4296513285828
1,42917292955252
1,42869507570648
1,42821776574862
1,42774099838717
1,42726477233457
1,42678908630751
1,42631393902678
1,42583932921741
1,42536525560847
1,42489171693321
1,42441871192892
1,42394623933693
1,42347429790263
1,4230028863754
1,4225320035086
1,42206164805958
1,42159181878956
1,42112251446375
1,4206537338512
1,42018547572487
1,41971773886151
1,41925052204175
1,41878382405001
1,41831764367448
1,41785197970713
1,41738683094367
1,41692219618352
1,41645807422982
1,41599446388936
1,41553136397265
1,41506877329378
1,41460669067051
1,41414511492418
1,41368404487973
1,41322347936566
1,41276341721402
1,4123038572604
1,4118447983439
1,4113862393071
1,41092817899608
1,41047061626038
1,41001354995297
1,40955697893025
1,40910090205205
1,40864531818155
1,40819022618537
1,40773562493342
1,40728151329901
1,40682789015876
1,4063747543926
1,40592210488374
1,40546994051874
1,40501826018734
1,40456706278259
1,40411634720076
1,40366611234132
1,40321635710701
1,40276708040368
1,40231828114044
1,4018699582295
1,40142211058626
1,40097473712925
1,40052783678012
1,40008140846362
1,39963545110761
1,39918996364304
1,3987449450039
1,39830039412728
1,39785630995327
1,39741269142502
1,3969695374887
1,39652684709346
1,39608461919147
1,39564285273788
1,39520154669078
1,39476070001126
1,39432031166333
1,39388038061393
1,39344090583294
1,39300188629314
1,39256332097019
1,39212520884268
1,39168754889205
1,3912503401026
1,3908135814615
1,39037727195875
1,38994141058718
1,38950599634246
1,38907102822306
1,38863650523024
1,38820242636808
1,38776879064339
1,3873355970658
1,38690284464767
1,38647053240411
1,386038659353
1,3856072245149
1,38517622691311
1,38474566557367
1,38431553952526
1,3838858477993
1,38345658942987
1,38302776345372
1,38259936891028
1,3821714048416
1,38174387029241
1,38131676431006
1,3808900859445
1,38046383424834
1,38003800827676
1,37961260708757
1,37918762974115
1,37876307530046
1,37833894283106
1,37791523140103
1,37749194008104
1,37706906794431
1,37664661406656
1,37622457752609
1,37580295740369
1,37538175278268
1,37496096274888
1,37454058639061
1,37412062279868
1,37370107106638
1,37328193028948
1,37286319956623
1,37244487799729
1,37202696468585
1,37160945873748
1,37119235926021
1,3707756653645
1,37035937616322
1,36994349077167
1,36952800830756
1,36911292789098
1,36869824864442
1,36828396969278
1,3678700901633
1,36745660918561
1,36704352589172
1,36663083941597
1,36621854889504
1,36580665346803
1,36539515227628
1,36498404446351
1,36457332917577
1,36416300556142
1,36375307277107
1,36334352995777
1,36293437627671
1,3625256108855
1,36211723294395
1,36170924161418
1,36130163606059
1,36089441544982
1,36048757895078
1,36008112573466
1,35967505497485
1,35926936584701
1,35886405752901
1,35845912920098
1,35805458004526
1,35765040924638
1,35724661599112
1,35684319946844
1,35644015886951
1,35603749338766
1,35563520221847
1,35523328455963
1,35483173961105
1,3544305665748
1,35402976465511
1,35362933305837
1,3532292709931
1,35282957767002
1,35243025230193
1,3520312941038
1,35163270229275
1,35123447608795
1,35083661471077
1,35043911738466
1,35004198333516
1,34964521178994
1,34924880197879
1,34885275313352
1,34845706448807
1,34806173527851
1,34766676474287
1,34727215212138
1,34687789665623
1,34648399759175
1,34609045417428
1,34569726565222
1,34530443127604
1,34491195029819
1,34451982197326
1,34412804555776
1,3437366203103
1,34334554549148
1,34295482036392
1,34256444419227
1,34217441624313
1,34178473578522
1,34139540208911
1,34100641442747
1,34061777207491
1,34022947430803
1,33984152040543
1,33945390964767
1,33906664131725
1,33867971469868
1,33829312907841
1,33790688374485
1,33752097798834
1,33713541110118
1,33675018237766
1,33636529111389
1,33598073660806
1,33559651816015
1,33521263507217
1,33482908664798
1,33444587219341
1,33406299101615
1,33368044242581
1,33329822573395
1,33291634025395
1,33253478530113
1,33215356019271
1,33177266424777
1,33139209678726
1,33101185713405
1,33063194461285
1,33025235855024
1,32987309827465
1,32949416311642
1,32911555240772
1,32873726548253
1,32835930167675
1,32798166032806
1,32760434077603
1,32722734236204
1,3268506644293
1,32647430632284
1,32609826738954
1,3257225469781
1,325347144439
1,32497205912455
1,32459729038889
1,32422283758792
1,3238487000794
1,32347487722281
1,3231013683795
1,32272817291254
1,32235529018684
1,32198271956907
1,32161046042765
1,32123851213283
1,32086687405657
1,32049554557264
1,32012452605655
1,31975381488558
1,31938341143874
1,31901331509684
1,31864352524237
1,31827404125964
1,31790486253464
1,31753598845511
1,31716741841056
1,31679915179215
1,31643118799287
1,31606352640733
1,31569616643195
1,31532910746479
1,31496234890565
1,31459589015606
1,31422973061922
1,31386386970006
1,31349830680517
1,31313304134287
1,31276807272315
1,31240340035771
1,3120390236599
1,31167494204478
1,31131115492907
1,31094766173116
1,31058446187113
1,31022155477071
1,3098589398533
1,30949661654395
1,30913458426937
1,30877284245796
1,3084113905397
1,30805022794627
1,30768935411099
1,30732876846877
1,30696847045624
1,30660845951158
1,30624873507467
1,30588929658695
1,30553014349155
1,30517127523317
1,30481269125816
1,30445439101447
1,30409637395165
1,30373863952088
1,30338118717494
1,3030240163682
1,30266712655662
1,30231051719779
1,30195418775087
1,30159813767661
1,30124236643733
1,30088687349698
1,30053165832103
1,30017672037658
1,29982205913226
1,29946767405831
1,2991135646265
1,29875973031019
1,2984061705843
1,29805288492528
1,29769987281118
1,29734713372159
1,2969946671376
1,29664247254192
1,29629054941876
1,29593889725387
1,29558751553457
1,29523640374966
1,29488556138954
1,29453498794606
1,29418468291269
1,29383464578432
1,29348487605744
1,29313537323002
1,29278613680156
1,29243716627306
1,29208846114703
1,29174002092747
1,29139184511994
1,29104393323143
1,29069628477048
1,29034889924708
1,29000177617274
1,28965491506046
1,2893083154247
1,28896197678145
1,28861589864811
1,28827008054364
1,2879245219884
1,28757922250428
1,28723418161459
1,28688939884415
1,2865448737192
1,2862006057675
1,2858565945182
1,28551283950196
1,28516934025083
1,28482609629841
1,28448310717965
1,28414037243097
1,28379789159028
1,28345566419688
1,28311368979151
1,28277196791635
1,28243049811503
1,28208927993258
1,28174831291547
1,2814075966116
1,28106713057027
1,28072691434222
1,2803869474796
1,28004722953594
1,27970776006623
1,27936853862686
1,27902956477557
1,27869083807156
1,27835235807542
1,27801412434912
1,27767613645603
1,27733839396091
1,27700089642993
1,27666364343061
1,2763266345319
1,27598986930408
1,27565334731884
1,27531706814924
1,27498103136972
1,2746452365561
1,27430968328552
1,27397437113655
1,27363929968907
1,27330446852437
1,27296987722507
1,27263552537513
1,2723014125599
1,27196753836607
1,27163390238166
1,27130050419606
1,27096734339999
1,27063441958552
1,27030173234605
1,26996928127631
1,2696370659724
1,26930508603169
1,26897334105294
1,2686418306362
1,26831055438286
1,26797951189562
1,2676487027785
1,26731812663685
1,26698778307733
1,2666576717079
1,26632779213784
1,26599814397773
1,26566872683946
1,26533954033621
1,26501058408248
1,26468185769405
1,26435336078802
1,26402509298273
1,26369705389788
1,26336924315441
1,26304166037454
1,26271430518181
1,26238717720101
1,26206027605821
1,26173360138079
1,26140715279735
1,26108092993781
1,26075493243331
1,26042915991631
1,26010361202049
1,25977828838082
1,2594531886335
1,25912831241603
1,25880365936709
1,25847922912672
1,2581550213361
1,25783103563774
1,25750727167536
1,25718372909389
1,25686040753958
1,25653730665985
1,25621442610337
1,25589176552007
1,25556932456108
1,25524710287879
1,25492510012678
1,25460331595987
1,25428175003411
1,25396040200675
1,2536392715363
1,25331835828242
1,25299766190604
1,25267718206927
1,25235691843543
1,25203687066905
1,25171703843586
1,25139742140279
1,251078019238
1,25075883161078
1,25043985819167
1,25012109865239
1,24980255266583
1,24948421990608
1,24916610004843
1,24884819276932
1,24853049774639
1,24821301465846
1,24789574318553
1,24757868300873
1,24726183381043
1,24694519527411
1,24662876708444
1,24631254892727
1,24599654048958
1,24568074145952
1,24536515152642
1,24504977038073
1,24473459771407
1,24441963321923
1,2441048765901
1,24379032752174
1,24347598571038
1,24316185085335
1,24284792264915
1,24253420079738
1,24222068499882
1,24190737495535
1,24159427036998
1,24128137094687
1,24096867639128
1,24065618640961
1,24034390070938
1,24003181899921
1,23971994098886
1,23940826638918
1,23909679491215
1,23878552627086
1,2384744601795
1,23816359635335
1,23785293450882
1,2375424743634
1,23723221563569
1,23692215804537
1,23661230131323
1,23630264516115
1,23599318931209
1,23568393349009
1,23537487742029
1,2350660208289
1,23475736344323
1,23444890499162
1,23414064520355
1,23383258380952
1,23352472054111
1,233217055131
1,23290958731289
1,23260231682159
1,23229524339292
1,23198836676381
1,2316816866722
1,23137520285713
1,23106891505864
1,23076282301787
1,23045692647698
1,23015122517918
1,22984571886871
1,22954040729089
1,22923529019202
1,22893036731947
1,22862563842167
1,22832110324803
1,228016761549
1,22771261307609
1,22740865758179
1,22710489481965
1,2268013245442
1,22649794651104
1,22619476047671
1,22589176619886
1,22558896343605
1,22528635194793
1,22498393149509
1,22468170183918
1,22437966274279
1,22407781396959
1,22377615528416
1,22347468645213
1,22317340724011
1,22287231741567
1,22257141674743
1,2222707050049
1,22197018195868
1,22166984738026
1,22136970104218
1,22106974271789
1,22076997218186
1,22047038920951
1,22017099357722
1,21987178506234
1,21957276344324
1,21927392849914
1,2189752800103
1,21867681775794
1,21837854152417
1,21808045109213
1,21778254624584
1,21748482677031
1,21718729245148
1,21688994307624
1,21659277843241
1,21629579830873
1,21599900249492
1,2157023907816
1,21540596296032
1,21510971882357
1,21481365816476
1,21451778077823
1,21422208645922
1,2139265750039
1,21363124620938
1,21333609987363
1,21304113579559
1,21274635377504
1,21245175361274
1,21215733511031
1,21186309807028
1,21156904229605
1,211275167592
1,2109814737633
1,21068796061608
1,21039462795733
1,21010147559495
1,20980850333769
1,2095157109952
1,20922309837804
1,20893066529757
1,20863841156611
1,20834633699679
1,20805444140364
1,20776272460155
1,20747118640628
1,20717982663442
1,20688864510348
1,20659764163175
1,20630681603844
1,20601616814359
1,20572569776809
1,20543540473366
1,20514528886287
1,20485534997918
1,20456558790682
1,20427600247089
1,20398659349735
1,20369736081292
1,20340830424523
1,20311942362268
1,20283071877454
1,20254218953085
1,20225383572253
1,20196565718125
1,20167765373956
1,20138982523078
1,20110217148904
1,20081469234931
1,20052738764734
1,20024025721966
1,19995330090366
1,19966651853747
1,19937990996003
1,1990934750111
1,19880721353118
1,19852112536161
1,19823521034447
1,19794946832265
1,19766389913981
1,19737850264037
1,19709327866956
1,19680822707334
1,19652334769847
1,19623864039247
1,19595410500362
1,19566974138096
1,19538554937429
1,19510152883416
1,19481767961187
1,1945340015595
1,19425049452986
1,19396715837649
1,19368399295369
1,19340099811651
1,19311817372071
1,19283551962283
1,19255303568006
1,19227072175044
1,19198857769262
1,19170660336605
1,19142479863089
1,19114316334799
1,19086169737895
1,19058040058605
1,19029927283234
1,19001831398151
1,18973752389801
1,18945690244695
1,18917644949419
1,18889616490625
1,18861604855037
1,18833610029447
1,18805632000716
1,18777670755776
1,18749726281623
1,18721798565327
1,18693887594023
1,18665993354912
1,18638115835267
1,18610255022425
1,1858241090379
1,18554583466835
1,18526772699099
1,18498978588184
1,18471201121761
1,18443440287566
1,184156960734
1,18387968467131
1,18360257456691
1,18332563030071
1,18304885175336
1,18277223880609
1,18249579134079
1,18221950923996
1,18194339238678
1,181667440665
1,18139165395905
1,18111603215396
1,18084057513537
1,18056528278957
1,18029015500345
1,18001519166452
1,17974039266089
1,17946575788129
1,17919128721506
1,17891698055212
1,17864283778303
1,17836885879892
1,1780950434915
1,17782139175312
1,17754790347668
1,17727457855569
1,17700141688424
1,17672841835698
1,17645558286918
1,17618291031665
1,17591040059581
1,1756380536036
1,17536586923759
1,17509384739586
1,1748219879771
1,17455029088052
1,17427875600593
1,17400738325365
1,1737361725246
1,17346512372022
1,17319423674248
1,17292351149395
1,17265294787768
1,17238254579732
1,172112305157
1,17184222586142
1,17157230781581
1,17130255092591
1,171032955098
1,17076352023886
1,17049424625583
1,17022513305674
1,16995618054994
1,16968738864431
1,1694187572492
1,16915028627451
1,16888197563062
1,16861382522842
1,16834583497929
1,16807800479513
1,16781033458829
1,16754282427166
1,16727547375859
1,16700828296293
1,16674125179899
1,16647438018159
1,16620766802601
1,165941115248
1,1656747217638
1,16540848749011
1,1651424123441
1,1648764962434
1,16461073910611
1,16434514085077
1,1640797013964
1,16381442066246
1,16354929856887
1,16328433503598
1,16301952998462
1,16275488333602
1,16249039501189
1,16222606493435
1,16196189302597
1,16169787920976
1,16143402340912
1,16117032554794
1,16090678555048
1,16064340334144
1,16038017884595
